step,action,reward,avatar_pos_before,avatar_pos_after,reward_triggered,entity_triggered,meaningful
0,5,0.0,"(3, 1)","(2, 1)",False,False,True
1,2,0.0,"(2, 1)","(2, 0)",False,False,True
2,5,0.0,"(2, 0)","(1, 0)",False,False,True
3,5,0.0,"(1, 0)","(1, 0)",False,False,False
4,5,0.0,"(1, 0)","(1, 0)",False,False,False
5,3,0.0,"(1, 0)","(1, 1)",False,False,True
6,5,0.0,"(1, 1)","(1, 1)",False,False,False
7,5,0.0,"(1, 1)","(1, 1)",False,False,False
8,5,0.0,"(1, 1)","(1, 1)",False,False,False
9,5,0.0,"(1, 1)","(1, 1)",False,False,False
10,2,0.0,"(1, 1)","(1, 0)",False,False,True
11,3,0.0,"(1, 0)","(1, 1)",False,False,False
12,5,0.0,"(1, 1)","(1, 1)",False,False,False
13,2,0.0,"(1, 1)","(1, 0)",False,False,True
14,3,0.0,"(1, 0)","(1, 1)",False,False,False
15,5,0.0,"(1, 1)","(1, 1)",False,False,False
16,3,0.0,"(1, 1)","(1, 2)",False,False,True
17,5,0.0,"(1, 2)","(0, 2)",False,True,True
18,2,0.0,"(0, 2)","(0, 2)",False,False,False
19,3,0.0,"(0, 2)","(0, 2)",False,False,False
20,3,0.0,"(0, 2)","(0, 2)",False,False,False
21,3,0.0,"(0, 2)","(0, 2)",False,False,False
22,3,0.0,"(0, 2)","(0, 2)",False,False,False
23,0,0.0,"(0, 2)","(0, 2)",False,False,False
24,1,0.0,"(0, 2)","(0, 2)",False,True,True
25,3,0.0,"(0, 2)","(0, 2)",False,False,False
26,1,0.0,"(0, 2)","(0, 2)",False,True,True
27,3,0.0,"(0, 2)","(0, 2)",False,True,True
28,2,0.0,"(0, 2)","(0, 2)",False,True,True
29,4,0.0,"(0, 2)","(1, 2)",False,True,True
30,3,0.0,"(1, 2)","(1, 3)",False,True,True
31,1,0.0,"(1, 3)","(1, 3)",False,True,True
32,4,0.0,"(1, 3)","(2, 3)",False,True,True
33,5,0.0,"(2, 3)","(1, 3)",False,True,False
34,4,0.0,"(1, 3)","(2, 3)",False,True,False
35,4,0.0,"(2, 3)","(3, 3)",False,True,True
36,3,0.0,"(3, 3)","(3, 4)",False,True,True
37,3,0.0,"(3, 4)","(3, 5)",False,True,True
38,3,0.0,"(3, 5)","(3, 6)",False,True,True
39,2,0.0,"(3, 6)","(3, 5)",False,True,False
40,3,0.0,"(3, 5)","(3, 6)",False,True,False
41,3,0.0,"(3, 6)","(3, 7)",False,True,True
42,2,0.0,"(3, 7)","(3, 6)",False,True,False
43,1,0.0,"(3, 6)","(3, 6)",False,True,True
44,2,0.0,"(3, 6)","(3, 5)",False,True,True
45,3,0.0,"(3, 5)","(3, 6)",False,True,False
46,3,0.0,"(3, 6)","(3, 7)",False,True,True
47,2,0.0,"(3, 7)","(3, 6)",False,True,False
48,1,0.0,"(3, 6)","(3, 6)",False,True,True
49,2,0.0,"(3, 6)","(3, 5)",False,True,True
50,2,0.0,"(3, 5)","(3, 4)",False,True,True
51,2,0.0,"(3, 4)","(3, 3)",False,True,True
52,1,0.0,"(3, 3)","(3, 3)",False,True,True
53,3,0.0,"(3, 3)","(3, 4)",False,True,True
54,2,0.0,"(3, 4)","(3, 3)",False,True,False
55,2,2.0,"(3, 3)","(3, 2)",True,True,True
56,3,0.0,"(3, 2)","(3, 3)",False,True,False
57,3,0.0,"(3, 3)","(3, 4)",False,True,True
58,3,0.0,"(3, 4)","(3, 5)",False,True,True
59,3,-1.0,"(3, 5)","(3, 6)",True,True,True
60,3,0.0,"(3, 6)","(3, 7)",False,False,True
61,5,0.0,"(3, 7)","(2, 7)",False,False,True
62,1,0.0,"(2, 7)","(2, 7)",False,True,True
63,2,0.0,"(2, 7)","(2, 6)",False,True,True
64,2,0.0,"(2, 6)","(2, 5)",False,True,True
65,3,0.0,"(2, 5)","(2, 6)",False,True,False
66,4,0.0,"(2, 6)","(3, 6)",False,False,True
67,1,0.0,"(3, 6)","(3, 6)",False,True,True
68,3,0.0,"(3, 6)","(3, 7)",False,False,True
69,2,0.0,"(3, 7)","(3, 6)",False,False,False
70,3,0.0,"(3, 6)","(3, 7)",False,False,False
71,2,0.0,"(3, 7)","(3, 6)",False,True,False
72,3,0.0,"(3, 6)","(3, 7)",False,False,False
73,3,0.0,"(3, 7)","(3, 8)",False,True,True
74,3,0.0,"(3, 8)","(3, 9)",False,False,True
75,2,0.0,"(3, 9)","(3, 8)",False,True,False
76,1,0.0,"(3, 8)","(3, 8)",False,True,True
77,1,0.0,"(3, 8)","(3, 8)",False,True,True
78,2,0.0,"(3, 8)","(3, 7)",False,True,True
79,3,0.0,"(3, 7)","(3, 8)",False,True,False
80,1,0.0,"(3, 8)","(3, 8)",False,True,True
81,2,0.0,"(3, 8)","(3, 7)",False,True,True
82,1,0.0,"(3, 7)","(3, 7)",False,True,True
83,1,0.0,"(3, 7)","(3, 7)",False,True,True
84,2,0.0,"(3, 7)","(3, 6)",False,True,True
85,3,0.0,"(3, 6)","(3, 7)",False,True,False
86,2,0.0,"(3, 7)","(3, 6)",False,True,False
87,3,-2.0,"(3, 6)","(3, 7)",True,True,False
88,1,0.0,"(3, 7)","(3, 7)",False,True,True
89,3,0.0,"(3, 7)","(3, 8)",False,True,True
90,4,0.0,"(3, 8)","(4, 8)",False,True,True
91,4,-1.0,"(4, 8)","(5, 8)",True,True,True
92,2,0.0,"(5, 8)","(5, 7)",False,False,True
93,3,0.0,"(5, 7)","(5, 8)",False,True,False
94,5,0.0,"(5, 8)","(4, 8)",False,True,True
95,2,0.0,"(4, 8)","(4, 7)",False,True,True
96,3,0.0,"(4, 7)","(4, 8)",False,False,False
97,5,0.0,"(4, 8)","(3, 8)",False,True,True
98,1,0.0,"(3, 8)","(3, 8)",False,False,False
99,2,0.0,"(3, 8)","(3, 7)",False,True,True
100,1,0.0,"(3, 7)","(3, 7)",False,True,True
101,2,0.0,"(3, 7)","(3, 6)",False,True,True
102,2,0.0,"(3, 6)","(3, 5)",False,True,True
103,2,0.0,"(3, 5)","(3, 4)",False,True,True
104,1,0.0,"(3, 4)","(3, 4)",False,True,True
105,2,0.0,"(3, 4)","(3, 3)",False,True,True
106,3,0.0,"(3, 3)","(3, 4)",False,True,False
107,1,0.0,"(3, 4)","(3, 4)",False,True,True
108,3,0.0,"(3, 4)","(3, 5)",False,True,True
109,2,0.0,"(3, 5)","(3, 4)",False,True,False
110,4,0.0,"(3, 4)","(4, 4)",False,True,True
111,3,0.0,"(4, 4)","(4, 5)",False,True,True
112,2,0.0,"(4, 5)","(4, 4)",False,True,False
113,2,0.0,"(4, 4)","(4, 3)",False,True,True
114,2,0.0,"(4, 3)","(4, 2)",False,True,True
115,1,0.0,"(4, 2)","(4, 2)",False,True,True
116,4,0.0,"(4, 2)","(5, 2)",False,True,True
117,4,-2.0,"(5, 2)","(6, 2)",True,True,True
118,4,0.0,"(6, 2)","(7, 2)",False,True,True
119,5,0.0,"(7, 2)","(6, 2)",False,True,False
120,1,0.0,"(6, 2)","(6, 2)",False,True,True
121,4,0.0,"(6, 2)","(7, 2)",False,True,True
122,5,0.0,"(7, 2)","(6, 2)",False,True,False
123,2,0.0,"(6, 2)","(6, 1)",False,True,True
124,4,0.0,"(6, 1)","(7, 1)",False,True,True
125,3,0.0,"(7, 1)","(7, 2)",False,True,True
126,4,0.0,"(7, 2)","(8, 2)",False,True,True
127,4,0.0,"(8, 2)","(9, 2)",False,True,True
128,5,0.0,"(9, 2)","(8, 2)",False,True,False
129,4,0.0,"(8, 2)","(9, 2)",False,True,False
130,3,0.0,"(9, 2)","(9, 3)",False,True,True
131,4,0.0,"(9, 3)","(10, 3)",False,True,True
132,4,0.0,"(10, 3)","(11, 3)",False,True,True
133,3,0.0,"(11, 3)","(11, 4)",False,True,True
134,2,0.0,"(11, 4)","(11, 3)",False,True,False
135,1,-1.0,"(11, 3)","(11, 3)",True,True,True
136,4,0.0,"(11, 3)","(12, 3)",False,False,True
137,2,0.0,"(12, 3)","(12, 2)",False,True,True
138,4,0.0,"(12, 2)","(12, 2)",False,True,True
139,3,0.0,"(12, 2)","(12, 3)",False,True,True
140,4,0.0,"(12, 3)","(12, 3)",False,True,True
141,4,0.0,"(12, 3)","(12, 3)",False,True,True
142,4,0.0,"(12, 3)","(12, 3)",False,False,False
143,4,0.0,"(12, 3)","(12, 3)",False,True,True
144,0,0.0,"(12, 3)","(12, 3)",False,True,False
145,2,0.0,"(12, 3)","(12, 2)",False,True,True
146,4,0.0,"(12, 2)","(12, 2)",False,True,True
147,5,0.0,"(12, 2)","(11, 2)",False,True,True
148,3,0.0,"(11, 2)","(11, 3)",False,True,True
149,4,0.0,"(11, 3)","(12, 3)",False,True,True
150,5,0.0,"(12, 3)","(11, 3)",False,True,False
151,2,0.0,"(11, 3)","(11, 2)",False,True,True
152,5,0.0,"(11, 2)","(10, 2)",False,True,True
153,4,0.0,"(10, 2)","(11, 2)",False,True,False
154,3,0.0,"(11, 2)","(11, 3)",False,True,True
155,3,0.0,"(11, 3)","(11, 4)",False,True,True
156,4,0.0,"(11, 4)","(12, 4)",False,True,True
157,2,-2.0,"(12, 4)","(12, 3)",True,True,True
158,4,0.0,"(12, 3)","(12, 3)",False,True,True
159,1,0.0,"(12, 3)","(12, 3)",False,True,True
160,2,0.0,"(12, 3)","(12, 2)",False,True,True
161,4,0.0,"(12, 2)","(12, 2)",False,True,True
162,2,0.0,"(12, 2)","(12, 1)",False,True,True
163,5,0.0,"(12, 1)","(11, 1)",False,True,True
164,1,0.0,"(11, 1)","(11, 1)",False,True,True
165,1,0.0,"(11, 1)","(11, 1)",False,True,True
166,5,0.0,"(11, 1)","(10, 1)",False,True,True
167,4,0.0,"(10, 1)","(11, 1)",False,True,False
168,1,0.0,"(11, 1)","(11, 1)",False,True,True
169,3,0.0,"(11, 1)","(11, 2)",False,True,True
170,2,0.0,"(11, 2)","(11, 1)",False,True,False
171,4,0.0,"(11, 1)","(12, 1)",False,True,True
172,3,0.0,"(12, 1)","(12, 2)",False,True,True
173,4,0.0,"(12, 2)","(12, 2)",False,True,True
174,1,0.0,"(12, 2)","(12, 2)",False,True,True
175,3,0.0,"(12, 2)","(12, 3)",False,True,True
176,5,0.0,"(12, 3)","(11, 3)",False,True,True
177,2,0.0,"(11, 3)","(11, 2)",False,True,True
178,4,0.0,"(11, 2)","(12, 2)",False,True,True
179,5,0.0,"(12, 2)","(11, 2)",False,True,False
180,4,0.0,"(11, 2)","(12, 2)",False,True,False
181,4,0.0,"(12, 2)","(12, 2)",False,True,True
182,4,0.0,"(12, 2)","(12, 2)",False,True,True
183,1,0.0,"(12, 2)","(12, 2)",False,True,True
184,5,0.0,"(12, 2)","(11, 2)",False,True,True
185,4,0.0,"(11, 2)","(12, 2)",False,True,False
186,4,0.0,"(12, 2)","(12, 2)",False,True,True
187,4,-1.0,"(12, 2)","(12, 2)",True,True,True
188,4,0.0,"(12, 2)","(12, 2)",False,True,True
189,4,0.0,"(12, 2)","(12, 2)",False,True,True
190,4,0.0,"(12, 2)","(12, 2)",False,True,True
191,4,0.0,"(12, 2)","(12, 2)",False,True,True
192,4,0.0,"(12, 2)","(12, 2)",False,True,True
193,3,0.0,"(12, 2)","(12, 3)",False,True,True
194,4,0.0,"(12, 3)","(12, 3)",False,True,True
195,2,0.0,"(12, 3)","(12, 2)",False,True,True
196,5,0.0,"(12, 2)","(11, 2)",False,True,True
197,4,0.0,"(11, 2)","(12, 2)",False,True,False
198,4,0.0,"(12, 2)","(12, 2)",False,True,True
199,5,0.0,"(12, 2)","(11, 2)",False,True,True
200,4,0.0,"(11, 2)","(12, 2)",False,True,False
201,5,0.0,"(12, 2)","(11, 2)",False,True,False
202,2,0.0,"(11, 2)","(11, 1)",False,True,True
203,2,0.0,"(11, 1)","(11, 0)",False,True,True
204,3,0.0,"(11, 0)","(11, 1)",False,True,False
205,3,0.0,"(11, 1)","(11, 2)",False,True,True
206,3,0.0,"(11, 2)","(11, 3)",False,True,True
207,4,0.0,"(11, 3)","(12, 3)",False,True,True
208,3,0.0,"(12, 3)","(12, 4)",False,True,True
209,2,0.0,"(12, 4)","(12, 3)",False,True,False
210,5,0.0,"(12, 3)","(11, 3)",False,True,True
211,1,0.0,"(11, 3)","(11, 3)",False,True,True
212,1,0.0,"(11, 3)","(11, 3)",False,True,True
213,4,0.0,"(11, 3)","(12, 3)",False,True,True
214,4,0.0,"(12, 3)","(12, 3)",False,True,True
215,2,0.0,"(12, 3)","(12, 2)",False,True,True
216,5,0.0,"(12, 2)","(11, 2)",False,True,True
217,3,-2.0,"(11, 2)","(11, 3)",True,True,True
218,3,0.0,"(11, 3)","(11, 4)",False,False,True
219,3,0.0,"(11, 4)","(11, 5)",False,False,True
220,3,0.0,"(11, 5)","(11, 6)",False,True,True
221,4,0.0,"(11, 6)","(12, 6)",False,True,True
222,2,0.0,"(12, 6)","(12, 5)",False,True,True
223,4,0.0,"(12, 5)","(12, 5)",False,True,True
224,2,0.0,"(12, 5)","(12, 4)",False,False,True
225,2,0.0,"(12, 4)","(12, 3)",False,True,True
226,5,0.0,"(12, 3)","(11, 3)",False,False,True
227,5,0.0,"(11, 3)","(10, 3)",False,True,True
228,1,0.0,"(10, 3)","(10, 3)",False,True,True
229,3,0.0,"(10, 3)","(10, 4)",False,False,True
230,2,0.0,"(10, 4)","(10, 3)",False,True,False
231,2,0.0,"(10, 3)","(10, 2)",False,True,True
232,2,0.0,"(10, 2)","(10, 1)",False,False,True
233,2,0.0,"(10, 1)","(10, 0)",False,True,True
234,3,4.0,"(10, 0)","(10, 1)",True,True,False
235,4,0.0,"(10, 1)","(11, 1)",False,True,True
236,3,0.0,"(11, 1)","(11, 2)",False,False,True
237,5,0.0,"(11, 2)","(10, 2)",False,True,True
238,4,0.0,"(10, 2)","(11, 2)",False,True,False
239,4,0.0,"(11, 2)","(12, 2)",False,True,True
240,5,0.0,"(12, 2)","(11, 2)",False,False,False
241,3,0.0,"(11, 2)","(11, 3)",False,True,True
242,4,0.0,"(11, 3)","(12, 3)",False,False,True
243,2,0.0,"(12, 3)","(12, 2)",False,True,True
244,4,0.0,"(12, 2)","(12, 2)",False,True,True
245,5,0.0,"(12, 2)","(11, 2)",False,True,True
246,5,0.0,"(11, 2)","(10, 2)",False,True,True
247,1,0.0,"(10, 2)","(10, 2)",False,True,True
248,1,0.0,"(10, 2)","(10, 2)",False,True,True
249,1,0.0,"(10, 2)","(10, 2)",False,True,True
250,4,0.0,"(10, 2)","(11, 2)",False,True,True
251,1,0.0,"(11, 2)","(11, 2)",False,True,True
252,5,0.0,"(11, 2)","(10, 2)",False,True,True
253,2,0.0,"(10, 2)","(10, 1)",False,True,True
254,5,0.0,"(10, 1)","(9, 1)",False,True,True
255,5,0.0,"(9, 1)","(8, 1)",False,True,True
256,4,0.0,"(8, 1)","(9, 1)",False,True,False
257,3,0.0,"(9, 1)","(9, 2)",False,True,True
258,5,0.0,"(9, 2)","(8, 2)",False,True,True
259,2,0.0,"(8, 2)","(8, 1)",False,True,True
260,5,0.0,"(8, 1)","(7, 1)",False,True,True
261,3,-2.0,"(7, 1)","(7, 2)",True,True,True
262,5,0.0,"(7, 2)","(6, 2)",False,True,True
263,5,0.0,"(6, 2)","(5, 2)",False,True,True
264,2,0.0,"(5, 2)","(5, 1)",False,True,True
265,3,0.0,"(5, 1)","(5, 2)",False,True,False
266,2,0.0,"(5, 2)","(5, 1)",False,True,False
267,3,0.0,"(5, 1)","(5, 2)",False,True,False
268,3,0.0,"(5, 2)","(5, 3)",False,True,True
269,2,0.0,"(5, 3)","(5, 2)",False,True,False
270,5,0.0,"(5, 2)","(4, 2)",False,True,True
271,2,0.0,"(4, 2)","(4, 1)",False,True,True
272,2,0.0,"(4, 1)","(4, 0)",False,True,True
273,2,0.0,"(4, 0)","(4, 0)",False,True,True
274,2,0.0,"(4, 0)","(4, 0)",False,True,True
275,5,0.0,"(4, 0)",,False,True,True
276,3,0.0,,,False,True,True
277,1,0.0,,"(3, 1)",False,True,True
278,3,0.0,"(3, 1)","(3, 2)",False,True,True
279,2,-1.0,"(3, 2)","(3, 1)",True,True,False
280,3,0.0,"(3, 1)","(3, 2)",False,True,False
281,3,0.0,"(3, 2)","(3, 3)",False,True,True
282,3,0.0,"(3, 3)","(3, 4)",False,True,True
283,2,0.0,"(3, 4)","(3, 3)",False,True,False
284,2,0.0,"(3, 3)","(3, 2)",False,True,True
285,1,0.0,"(3, 2)","(3, 2)",False,True,True
286,1,0.0,"(3, 2)","(3, 2)",False,True,True
287,5,0.0,"(3, 2)","(2, 2)",False,True,True
288,2,0.0,"(2, 2)","(2, 1)",False,True,True
289,3,0.0,"(2, 1)","(2, 2)",False,True,False
290,3,0.0,"(2, 2)","(2, 3)",False,True,True
291,1,0.0,"(2, 3)","(2, 3)",False,True,True
292,2,2.0,"(2, 3)","(2, 2)",True,True,True
293,4,0.0,"(2, 2)","(3, 2)",False,True,True
294,5,0.0,"(3, 2)","(2, 2)",False,True,False
295,2,0.0,"(2, 2)","(2, 1)",False,True,True
296,3,0.0,"(2, 1)","(2, 2)",False,True,False
297,2,-1.0,"(2, 2)","(2, 1)",True,True,False
298,5,0.0,"(2, 1)",,False,True,True
299,5,0.0,,,False,True,True
300,2,0.0,,"(1, 0)",False,True,True
301,3,0.0,"(1, 0)",,False,True,False
302,5,0.0,,,False,True,True
303,4,-1.0,,"(2, 1)",True,True,True
304,4,0.0,"(2, 1)","(3, 1)",False,True,True
305,1,0.0,"(3, 1)","(3, 1)",False,True,True
306,2,0.0,"(3, 1)","(3, 0)",False,True,True
307,2,0.0,"(3, 0)","(3, 0)",False,True,True
308,3,0.0,"(3, 0)","(3, 1)",False,True,True
309,4,0.0,"(3, 1)","(4, 1)",False,True,True
310,3,0.0,"(4, 1)","(4, 2)",False,True,True
311,3,-1.0,"(4, 2)","(4, 3)",True,True,True
312,3,0.0,"(4, 3)","(4, 4)",False,False,True
313,2,0.0,"(4, 4)","(4, 3)",False,False,False
314,3,0.0,"(4, 3)","(4, 4)",False,True,False
315,2,0.0,"(4, 4)","(4, 3)",False,True,False
316,3,0.0,"(4, 3)","(4, 4)",False,True,False
317,4,0.0,"(4, 4)","(5, 4)",False,True,True
318,5,0.0,"(5, 4)","(4, 4)",False,True,False
319,4,0.0,"(4, 4)","(5, 4)",False,True,False
320,2,0.0,"(5, 4)","(5, 3)",False,True,True
321,4,0.0,"(5, 3)","(6, 3)",False,True,True
322,3,0.0,"(6, 3)","(6, 4)",False,True,True
323,3,0.0,"(6, 4)","(6, 5)",False,True,True
324,5,0.0,"(6, 5)","(5, 5)",False,True,True
325,3,0.0,"(5, 5)","(5, 6)",False,True,True
326,2,0.0,"(5, 6)","(5, 5)",False,True,False
327,4,0.0,"(5, 5)","(6, 5)",False,True,True
328,2,0.0,"(6, 5)","(6, 4)",False,True,True
329,5,0.0,"(6, 4)","(5, 4)",False,True,True
330,2,0.0,"(5, 4)","(5, 3)",False,True,True
331,3,-1.0,"(5, 3)","(5, 4)",True,True,False
332,4,0.0,"(5, 4)","(6, 4)",False,True,True
333,4,0.0,"(6, 4)","(7, 4)",False,True,True
334,4,0.0,"(7, 4)","(8, 4)",False,True,True
335,4,0.0,"(8, 4)","(9, 4)",False,True,True
336,3,0.0,"(9, 4)","(9, 5)",False,True,True
337,3,0.0,"(9, 5)","(9, 6)",False,True,True
338,4,0.0,"(9, 6)","(10, 6)",False,True,True
339,4,0.0,"(10, 6)","(11, 6)",False,True,True
340,5,0.0,"(11, 6)","(10, 6)",False,True,False
341,1,0.0,"(10, 6)","(10, 6)",False,True,True
342,5,0.0,"(10, 6)","(9, 6)",False,True,True
343,3,0.0,"(9, 6)","(9, 7)",False,True,True
344,2,0.0,"(9, 7)","(9, 6)",False,True,False
345,1,0.0,"(9, 6)","(9, 6)",False,True,True
346,1,0.0,"(9, 6)","(9, 6)",False,True,True
347,2,0.0,"(9, 6)","(9, 5)",False,True,True
348,2,0.0,"(9, 5)","(9, 4)",False,True,True
349,2,2.0,"(9, 4)","(9, 3)",True,True,True
350,2,0.0,"(9, 3)","(9, 2)",False,True,True
351,1,-1.0,"(9, 2)","(9, 2)",True,True,True
352,5,0.0,"(9, 2)","(8, 2)",False,True,True
353,2,0.0,"(8, 2)","(8, 1)",False,True,True
354,5,0.0,"(8, 1)","(7, 1)",False,False,True
355,1,0.0,"(7, 1)","(7, 1)",False,True,True
356,2,0.0,"(7, 1)","(7, 0)",False,False,True
357,4,0.0,"(7, 0)","(8, 0)",False,True,True
358,3,0.0,"(8, 0)","(8, 1)",False,False,True
359,2,0.0,"(8, 1)","(8, 0)",False,False,False
360,5,0.0,"(8, 0)","(7, 0)",False,True,True
361,1,0.0,"(7, 0)","(7, 0)",False,True,True
362,3,0.0,"(7, 0)","(7, 1)",False,True,True
363,2,0.0,"(7, 1)","(7, 0)",False,True,False
364,4,0.0,"(7, 0)","(8, 0)",False,True,True
365,5,0.0,"(8, 0)","(7, 0)",False,True,False
366,5,0.0,"(7, 0)","(6, 0)",False,True,True
367,2,0.0,"(6, 0)","(6, 0)",False,True,True
368,4,0.0,"(6, 0)","(7, 0)",False,True,True
369,3,0.0,"(7, 0)","(7, 1)",False,True,True
370,3,0.0,"(7, 1)","(7, 2)",False,True,True
371,1,0.0,"(7, 2)","(7, 2)",False,True,True
372,5,0.0,"(7, 2)","(6, 2)",False,True,True
373,3,0.0,"(6, 2)","(6, 3)",False,True,True
374,2,0.0,"(6, 3)","(6, 2)",False,True,False
375,3,0.0,"(6, 2)","(6, 3)",False,True,False
376,5,0.0,"(6, 3)","(5, 3)",False,True,True
377,3,0.0,"(5, 3)","(5, 4)",False,True,True
378,2,0.0,"(5, 4)","(5, 3)",False,True,False
379,3,0.0,"(5, 3)","(5, 4)",False,True,False
380,2,0.0,"(5, 4)","(5, 3)",False,True,False
381,3,-1.0,"(5, 3)","(5, 4)",True,True,False
382,1,0.0,"(5, 4)","(5, 4)",False,True,True
383,3,-1.0,"(5, 4)","(5, 5)",True,True,True
384,3,0.0,"(5, 5)","(5, 6)",False,True,True
385,1,1.0,"(5, 6)","(5, 6)",True,True,True
386,5,0.0,"(5, 6)","(4, 6)",False,True,True
387,5,0.0,"(4, 6)","(3, 6)",False,True,True
388,1,0.0,"(3, 6)","(3, 6)",False,True,True
389,1,0.0,"(3, 6)","(3, 6)",False,True,True
390,2,0.0,"(3, 6)","(3, 5)",False,True,True
391,2,0.0,"(3, 5)","(3, 4)",False,True,True
392,3,0.0,"(3, 4)","(3, 5)",False,True,False
393,1,2.0,"(3, 5)","(3, 5)",True,True,True
394,2,0.0,"(3, 5)","(3, 4)",False,True,True
395,2,2.0,"(3, 4)","(3, 3)",True,True,True
396,3,0.0,"(3, 3)","(3, 4)",False,True,False
397,2,0.0,"(3, 4)","(3, 3)",False,True,False
398,4,0.0,"(3, 3)","(4, 3)",False,True,True
399,2,0.0,"(4, 3)","(4, 2)",False,True,True
400,3,0.0,"(4, 2)","(4, 3)",False,True,False
401,2,0.0,"(4, 3)","(4, 2)",False,True,False
402,2,0.0,"(4, 2)","(4, 1)",False,True,True
403,2,0.0,"(4, 1)","(4, 0)",False,True,True
404,3,0.0,"(4, 0)","(4, 1)",False,True,False
405,5,0.0,"(4, 1)","(3, 1)",False,True,True
406,3,0.0,"(3, 1)","(3, 2)",False,True,True
407,2,0.0,"(3, 2)","(3, 1)",False,True,False
408,1,0.0,"(3, 1)","(3, 1)",False,True,True
409,2,-2.0,"(3, 1)","(3, 0)",True,True,True
410,4,0.0,"(3, 0)","(4, 0)",False,True,True
411,4,0.0,"(4, 0)","(5, 0)",False,True,True
412,3,0.0,"(5, 0)","(5, 1)",False,True,True
413,5,0.0,"(5, 1)","(4, 1)",False,True,True
414,3,0.0,"(4, 1)","(4, 2)",False,True,True
415,5,0.0,"(4, 2)","(3, 2)",False,True,True
416,2,0.0,"(3, 2)","(3, 1)",False,True,True
417,1,0.0,"(3, 1)","(3, 1)",False,True,True
418,3,0.0,"(3, 1)","(3, 2)",False,True,True
419,2,0.0,"(3, 2)","(3, 1)",False,True,False
420,1,0.0,"(3, 1)","(3, 1)",False,True,True
421,2,0.0,"(3, 1)","(3, 0)",False,True,True
422,3,0.0,"(3, 0)","(3, 1)",False,True,False
423,3,0.0,"(3, 1)","(3, 2)",False,True,True
424,5,0.0,"(3, 2)","(2, 2)",False,True,True
425,2,0.0,"(2, 2)","(2, 1)",False,True,True
426,4,0.0,"(2, 1)","(3, 1)",False,True,True
427,3,0.0,"(3, 1)","(3, 2)",False,True,True
428,2,0.0,"(3, 2)","(3, 1)",False,True,False
429,3,0.0,"(3, 1)","(3, 2)",False,True,False
430,1,0.0,"(3, 2)","(3, 2)",False,True,True
431,1,-1.0,"(3, 2)","(3, 2)",True,True,True
432,2,0.0,"(3, 2)","(3, 1)",False,True,True
433,5,0.0,"(3, 1)","(2, 1)",False,True,True
434,2,0.0,"(2, 1)","(2, 0)",False,True,True
435,5,0.0,"(2, 0)",,False,True,True
436,5,0.0,,,False,True,True
437,2,0.0,,,False,True,True
438,3,0.0,,"(1, 1)",False,True,True
439,1,2.0,"(1, 1)","(1, 1)",True,True,True
440,1,0.0,"(1, 1)","(1, 1)",False,True,True
441,5,0.0,"(1, 1)","(1, 1)",False,True,True
442,3,0.0,"(1, 1)","(1, 2)",False,True,True
443,3,-1.0,"(1, 2)","(1, 3)",True,True,True
444,3,0.0,"(1, 3)","(1, 4)",False,True,True
445,3,0.0,"(1, 4)","(1, 5)",False,True,True
446,3,0.0,"(1, 5)","(1, 6)",False,True,True
447,2,0.0,"(1, 6)","(1, 5)",False,True,False
448,3,0.0,"(1, 5)","(1, 6)",False,True,False
449,2,0.0,"(1, 6)","(1, 5)",False,True,False
450,1,0.0,"(1, 5)","(1, 5)",False,True,True
451,2,2.0,"(1, 5)","(1, 4)",True,True,True
452,1,0.0,"(1, 4)","(1, 4)",False,True,True
453,3,0.0,"(1, 4)","(1, 5)",False,True,True
454,3,0.0,"(1, 5)","(1, 6)",False,True,True
455,2,0.0,"(1, 6)","(1, 5)",False,True,False
456,3,0.0,"(1, 5)","(1, 6)",False,True,False
457,1,0.0,"(1, 6)","(1, 6)",False,True,True
458,2,0.0,"(1, 6)","(1, 5)",False,True,True
459,3,0.0,"(1, 5)","(1, 6)",False,True,False
460,2,2.0,"(1, 6)","(1, 5)",True,True,False
461,4,-2.0,"(1, 5)","(2, 5)",True,True,True
462,2,0.0,"(2, 5)","(2, 4)",False,True,True
463,4,-1.0,"(2, 4)","(3, 4)",True,True,True
464,3,0.0,"(3, 4)","(3, 5)",False,True,True
465,2,0.0,"(3, 5)","(3, 4)",False,True,False
466,3,0.0,"(3, 4)","(3, 5)",False,True,False
467,1,0.0,"(3, 5)","(3, 5)",False,True,True
468,2,0.0,"(3, 5)","(3, 4)",False,True,True
469,1,0.0,"(3, 4)","(3, 4)",False,True,True
470,2,0.0,"(3, 4)","(3, 3)",False,True,True
471,4,0.0,"(3, 3)","(4, 3)",False,True,True
472,2,0.0,"(4, 3)","(4, 2)",False,True,True
473,1,0.0,"(4, 2)","(4, 2)",False,True,True
474,1,0.0,"(4, 2)","(4, 2)",False,True,True
475,3,0.0,"(4, 2)","(4, 3)",False,True,True
476,2,0.0,"(4, 3)","(4, 2)",False,True,False
477,4,0.0,"(4, 2)","(5, 2)",False,True,True
478,4,0.0,"(5, 2)","(6, 2)",False,True,True
479,1,0.0,"(6, 2)","(6, 2)",False,True,True
480,3,0.0,"(6, 2)","(6, 3)",False,False,True
481,2,0.0,"(6, 3)","(6, 2)",False,True,False
482,5,0.0,"(6, 2)","(5, 2)",False,True,True
483,3,0.0,"(5, 2)","(5, 3)",False,True,True
484,2,0.0,"(5, 3)","(5, 2)",False,True,False
485,3,0.0,"(5, 2)","(5, 3)",False,True,False
486,2,0.0,"(5, 3)","(5, 2)",False,True,False
487,4,0.0,"(5, 2)","(6, 2)",False,True,True
488,1,0.0,"(6, 2)","(6, 2)",False,True,True
489,2,0.0,"(6, 2)","(6, 1)",False,True,True
490,2,0.0,"(6, 1)","(6, 0)",False,True,True
491,3,0.0,"(6, 0)","(6, 1)",False,True,False
492,4,0.0,"(6, 1)","(7, 1)",False,True,True
493,5,0.0,"(7, 1)","(6, 1)",False,True,False
494,4,0.0,"(6, 1)","(7, 1)",False,True,False
495,3,0.0,"(7, 1)","(7, 2)",False,True,True
496,3,0.0,"(7, 2)","(7, 3)",False,True,True
497,1,0.0,"(7, 3)","(7, 3)",False,True,True
498,2,0.0,"(7, 3)","(7, 2)",False,True,True
499,1,-1.0,"(7, 2)","(7, 2)",True,True,True
500,3,0.0,"(7, 2)","(7, 3)",False,True,True
501,2,0.0,"(7, 3)","(7, 2)",False,True,False
502,3,0.0,"(7, 2)","(7, 3)",False,True,False
503,2,0.0,"(7, 3)","(7, 2)",False,True,False
504,5,0.0,"(7, 2)","(6, 2)",False,True,True
505,5,-1.0,"(6, 2)","(5, 2)",True,True,True
506,4,0.0,"(5, 2)","(6, 2)",False,False,False
507,4,0.0,"(6, 2)","(7, 2)",False,True,True
508,2,0.0,"(7, 2)","(7, 1)",False,True,True
509,1,0.0,"(7, 1)","(7, 1)",False,True,True
510,1,0.0,"(7, 1)","(7, 1)",False,True,True
511,1,0.0,"(7, 1)","(7, 1)",False,True,True
512,4,0.0,"(7, 1)","(8, 1)",False,True,True
513,4,0.0,"(8, 1)","(9, 1)",False,True,True
514,3,0.0,"(9, 1)","(9, 2)",False,True,True
515,4,0.0,"(9, 2)","(10, 2)",False,True,True
516,2,0.0,"(10, 2)","(10, 1)",False,True,True
517,2,0.0,"(10, 1)","(10, 0)",False,True,True
518,4,0.0,"(10, 0)","(11, 0)",False,True,True
519,4,0.0,"(11, 0)","(12, 0)",False,True,True
520,2,0.0,"(12, 0)","(12, 0)",False,True,True
521,5,0.0,"(12, 0)","(11, 0)",False,True,True
522,3,0.0,"(11, 0)","(11, 1)",False,True,True
523,3,0.0,"(11, 1)","(11, 2)",False,True,True
524,4,0.0,"(11, 2)","(12, 2)",False,True,True
525,5,0.0,"(12, 2)","(11, 2)",False,True,False
526,2,0.0,"(11, 2)","(11, 1)",False,True,True
527,2,0.0,"(11, 1)","(11, 0)",False,True,True
528,3,0.0,"(11, 0)","(11, 1)",False,True,False
529,2,0.0,"(11, 1)","(11, 0)",False,True,False
530,3,0.0,"(11, 0)","(11, 1)",False,True,False
531,3,0.0,"(11, 1)","(11, 2)",False,True,True
532,2,0.0,"(11, 2)","(11, 1)",False,True,False
533,2,0.0,"(11, 1)","(11, 0)",False,True,True
534,5,0.0,"(11, 0)","(10, 0)",False,True,True
535,5,0.0,"(10, 0)","(9, 0)",False,True,True
536,3,0.0,"(9, 0)","(9, 1)",False,True,True
537,4,0.0,"(9, 1)","(10, 1)",False,True,True
538,5,0.0,"(10, 1)","(9, 1)",False,True,False
539,2,0.0,"(9, 1)","(9, 0)",False,True,True
540,4,0.0,"(9, 0)","(10, 0)",False,True,True
541,4,0.0,"(10, 0)","(11, 0)",False,True,True
542,5,0.0,"(11, 0)","(10, 0)",False,True,False
543,4,0.0,"(10, 0)","(11, 0)",False,True,False
544,5,0.0,"(11, 0)","(10, 0)",False,True,False
545,5,-1.0,"(10, 0)","(9, 0)",True,True,True
546,5,0.0,"(9, 0)","(8, 0)",False,True,True
547,4,0.0,"(8, 0)","(9, 0)",False,True,False
548,4,0.0,"(9, 0)","(10, 0)",False,True,True
549,3,0.0,"(10, 0)","(10, 1)",False,True,True
550,2,0.0,"(10, 1)","(10, 0)",False,True,False
551,5,0.0,"(10, 0)","(9, 0)",False,True,True
552,4,0.0,"(9, 0)","(10, 0)",False,True,False
553,3,0.0,"(10, 0)","(10, 1)",False,True,True
554,4,0.0,"(10, 1)","(11, 1)",False,True,True
555,4,0.0,"(11, 1)","(12, 1)",False,True,True
556,2,0.0,"(12, 1)","(12, 0)",False,True,True
557,3,0.0,"(12, 0)","(12, 1)",False,True,False
558,3,0.0,"(12, 1)","(12, 2)",False,True,True
559,3,0.0,"(12, 2)","(12, 3)",False,True,True
560,5,0.0,"(12, 3)","(11, 3)",False,True,True
561,5,0.0,"(11, 3)","(10, 3)",False,True,True
562,4,0.0,"(10, 3)","(11, 3)",False,True,False
563,2,0.0,"(11, 3)","(11, 2)",False,True,True
564,4,0.0,"(11, 2)","(12, 2)",False,True,True
565,2,0.0,"(12, 2)","(12, 1)",False,True,True
566,5,0.0,"(12, 1)","(11, 1)",False,True,True
567,5,0.0,"(11, 1)","(10, 1)",False,True,True
568,1,0.0,"(10, 1)","(10, 1)",False,True,True
569,4,0.0,"(10, 1)","(11, 1)",False,True,True
570,4,0.0,"(11, 1)","(12, 1)",False,True,True
571,3,0.0,"(12, 1)","(12, 2)",False,True,True
572,5,0.0,"(12, 2)","(11, 2)",False,True,True
573,4,0.0,"(11, 2)","(12, 2)",False,True,False
574,5,0.0,"(12, 2)","(11, 2)",False,True,False
575,3,0.0,"(11, 2)","(11, 3)",False,True,True
576,2,0.0,"(11, 3)","(11, 2)",False,True,False
577,4,-1.0,"(11, 2)","(12, 2)",True,True,True
578,4,0.0,"(12, 2)","(12, 2)",False,True,True
579,5,0.0,"(12, 2)","(11, 2)",False,True,True
580,4,0.0,"(11, 2)","(12, 2)",False,True,False
581,2,0.0,"(12, 2)","(12, 1)",False,True,True
582,2,0.0,"(12, 1)","(12, 0)",False,True,True
583,3,0.0,"(12, 0)","(12, 1)",False,True,False
584,3,0.0,"(12, 1)","(12, 2)",False,True,True
585,2,-1.0,"(12, 2)","(12, 1)",True,True,False
586,4,0.0,"(12, 1)","(12, 1)",False,True,True
587,4,0.0,"(12, 1)","(12, 1)",False,True,True
588,5,0.0,"(12, 1)","(11, 1)",False,True,True
589,5,-2.0,"(11, 1)","(10, 1)",True,True,True
590,5,0.0,"(10, 1)","(9, 1)",False,True,True
591,5,0.0,"(9, 1)","(8, 1)",False,True,True
592,4,0.0,"(8, 1)","(9, 1)",False,True,False
593,5,0.0,"(9, 1)","(8, 1)",False,True,False
594,2,0.0,"(8, 1)","(8, 0)",False,True,True
595,4,0.0,"(8, 0)","(9, 0)",False,True,True
596,3,0.0,"(9, 0)","(9, 1)",False,True,True
597,2,0.0,"(9, 1)","(9, 0)",False,True,False
598,3,0.0,"(9, 0)","(9, 1)",False,True,False
599,2,0.0,"(9, 1)","(9, 0)",False,True,False
600,4,0.0,"(9, 0)","(10, 0)",False,True,True
601,4,0.0,"(10, 0)","(11, 0)",False,True,True
602,4,0.0,"(11, 0)","(12, 0)",False,True,True
603,5,-1.0,"(12, 0)","(11, 0)",True,True,False
604,2,0.0,"(11, 0)","(11, 0)",False,True,True
605,3,-2.0,"(11, 0)","(11, 1)",True,True,True
606,2,0.0,"(11, 1)","(11, 0)",False,True,False
607,2,0.0,"(11, 0)","(11, 0)",False,True,True
608,3,0.0,"(11, 0)","(11, 1)",False,True,True
609,2,0.0,"(11, 1)","(11, 0)",False,True,False
610,3,0.0,"(11, 0)","(11, 1)",False,True,False
611,4,0.0,"(11, 1)","(12, 1)",False,True,True
612,3,0.0,"(12, 1)","(12, 2)",False,True,True
613,4,0.0,"(12, 2)","(12, 2)",False,True,True
614,1,0.0,"(12, 2)","(12, 2)",False,True,True
615,4,0.0,"(12, 2)","(12, 2)",False,True,True
616,4,0.0,"(12, 2)","(12, 2)",False,True,True
617,5,-2.0,"(12, 2)","(11, 2)",True,True,True
618,4,0.0,"(11, 2)","(12, 2)",False,True,False
619,4,0.0,"(12, 2)","(12, 2)",False,True,True
620,3,0.0,"(12, 2)","(12, 3)",False,True,True
621,3,0.0,"(12, 3)","(12, 4)",False,True,True
622,3,0.0,"(12, 4)","(12, 5)",False,True,True
623,3,0.0,"(12, 5)","(12, 6)",False,True,True
624,4,0.0,"(12, 6)","(12, 6)",False,True,True
625,5,0.0,"(12, 6)","(11, 6)",False,True,True
626,1,0.0,"(11, 6)","(11, 6)",False,True,True
627,2,0.0,"(11, 6)","(11, 5)",False,True,True
628,3,0.0,"(11, 5)","(11, 6)",False,True,False
629,3,0.0,"(11, 6)","(11, 6)",False,True,True
630,4,0.0,"(11, 6)","(12, 6)",False,True,True
631,5,0.0,"(12, 6)","(11, 6)",False,True,False
632,4,0.0,"(11, 6)","(12, 6)",False,True,False
633,4,2.0,"(12, 6)","(12, 6)",True,True,True
634,5,0.0,"(12, 6)","(11, 6)",False,True,True
635,2,0.0,"(11, 6)","(11, 5)",False,True,True
636,2,0.0,"(11, 5)","(11, 4)",False,True,True
637,4,0.0,"(11, 4)","(12, 4)",False,True,True
638,2,0.0,"(12, 4)","(12, 3)",False,True,True
639,4,0.0,"(12, 3)","(12, 3)",False,True,True
640,2,0.0,"(12, 3)","(12, 2)",False,True,True
641,4,0.0,"(12, 2)","(12, 2)",False,True,True
642,2,0.0,"(12, 2)","(12, 1)",False,True,True
643,5,0.0,"(12, 1)","(11, 1)",False,True,True
644,2,0.0,"(11, 1)","(11, 0)",False,True,True
645,3,0.0,"(11, 0)","(11, 1)",False,True,False
646,2,0.0,"(11, 1)","(11, 0)",False,True,False
647,3,0.0,"(11, 0)","(11, 1)",False,True,False
648,2,0.0,"(11, 1)","(11, 0)",False,True,False
649,4,0.0,"(11, 0)","(12, 0)",False,True,True
650,3,0.0,"(12, 0)","(12, 1)",False,True,True
651,2,0.0,"(12, 1)","(12, 0)",False,True,False
652,5,0.0,"(12, 0)","(11, 0)",False,True,True
653,3,0.0,"(11, 0)","(11, 1)",False,True,True
654,5,0.0,"(11, 1)","(10, 1)",False,True,True
655,5,0.0,"(10, 1)","(9, 1)",False,True,True
656,3,0.0,"(9, 1)","(9, 2)",False,True,True
657,2,0.0,"(9, 2)","(9, 1)",False,True,False
658,1,0.0,"(9, 1)","(9, 1)",False,True,True
659,2,0.0,"(9, 1)","(9, 0)",False,True,True
660,3,0.0,"(9, 0)","(9, 1)",False,True,False
661,1,0.0,"(9, 1)","(9, 1)",False,True,True
662,3,0.0,"(9, 1)","(9, 2)",False,True,True
663,2,-1.0,"(9, 2)","(9, 1)",True,True,False
664,2,0.0,"(9, 1)","(9, 0)",False,True,True
665,2,0.0,"(9, 0)","(9, 0)",False,True,True
666,3,0.0,"(9, 0)","(9, 1)",False,True,True
667,2,0.0,"(9, 1)","(9, 0)",False,True,False
668,4,0.0,"(9, 0)","(10, 0)",False,True,True
669,3,0.0,"(10, 0)","(10, 1)",False,True,True
670,4,0.0,"(10, 1)","(11, 1)",False,True,True
671,1,0.0,"(11, 1)","(11, 1)",False,True,True
672,2,0.0,"(11, 1)","(11, 0)",False,True,True
673,1,0.0,"(11, 0)","(11, 0)",False,True,True
674,4,0.0,"(11, 0)","(12, 0)",False,True,True
675,3,0.0,"(12, 0)","(12, 1)",False,True,True
676,5,0.0,"(12, 1)","(11, 1)",False,True,True
677,2,0.0,"(11, 1)","(11, 0)",False,True,True
678,3,0.0,"(11, 0)","(11, 1)",False,True,False
679,4,-1.0,"(11, 1)","(12, 1)",True,True,True
680,5,0.0,"(12, 1)","(11, 1)",False,True,False
681,2,0.0,"(11, 1)","(11, 0)",False,True,True
682,1,0.0,"(11, 0)","(11, 0)",False,True,True
683,3,0.0,"(11, 0)","(11, 1)",False,True,True
684,5,0.0,"(11, 1)","(10, 1)",False,True,True
685,3,0.0,"(10, 1)","(10, 2)",False,True,True
686,2,0.0,"(10, 2)","(10, 1)",False,True,False
687,2,0.0,"(10, 1)","(10, 0)",False,True,True
688,3,0.0,"(10, 0)","(10, 1)",False,True,False
689,2,-1.0,"(10, 1)","(10, 0)",True,True,False
690,3,0.0,"(10, 0)","(10, 1)",False,True,False
691,4,0.0,"(10, 1)","(11, 1)",False,True,True
692,3,0.0,"(11, 1)","(11, 2)",False,True,True
693,5,0.0,"(11, 2)","(10, 2)",False,True,True
694,3,0.0,"(10, 2)","(10, 3)",False,True,True
695,2,-1.0,"(10, 3)","(10, 2)",True,True,False
696,4,0.0,"(10, 2)","(11, 2)",False,True,True
697,5,0.0,"(11, 2)","(10, 2)",False,True,False
698,1,0.0,"(10, 2)","(10, 2)",False,True,True
699,2,0.0,"(10, 2)","(10, 1)",False,True,True
700,1,0.0,"(10, 1)","(10, 1)",False,True,True
701,3,0.0,"(10, 1)","(10, 2)",False,True,True
702,1,0.0,"(10, 2)","(10, 2)",False,True,True
703,2,0.0,"(10, 2)","(10, 1)",False,True,True
704,2,2.0,"(10, 1)","(10, 0)",True,True,True
705,3,0.0,"(10, 0)","(10, 1)",False,True,False
706,5,0.0,"(10, 1)","(9, 1)",False,True,True
707,1,0.0,"(9, 1)","(9, 1)",False,True,True
708,3,0.0,"(9, 1)","(9, 2)",False,True,True
709,5,0.0,"(9, 2)","(8, 2)",False,True,True
710,3,0.0,"(8, 2)","(8, 3)",False,True,True
711,3,0.0,"(8, 3)","(8, 4)",False,True,True
712,4,0.0,"(8, 4)","(9, 4)",False,True,True
713,2,-1.0,"(9, 4)","(9, 3)",True,True,True
714,5,2.0,"(9, 3)","(8, 3)",True,True,True
715,5,0.0,"(8, 3)","(7, 3)",False,True,True
716,1,0.0,"(7, 3)","(7, 3)",False,True,True
717,2,0.0,"(7, 3)","(7, 2)",False,True,True
718,3,0.0,"(7, 2)","(7, 3)",False,True,False
719,2,-1.0,"(7, 3)","(7, 2)",True,True,False
720,5,0.0,"(7, 2)","(6, 2)",False,True,True
721,2,0.0,"(6, 2)","(6, 1)",False,True,True
722,1,0.0,"(6, 1)","(6, 1)",False,True,True
723,4,0.0,"(6, 1)","(7, 1)",False,True,True
724,5,0.0,"(7, 1)","(6, 1)",False,True,False
725,3,0.0,"(6, 1)","(6, 2)",False,True,True
726,2,0.0,"(6, 2)","(6, 1)",False,True,False
727,2,0.0,"(6, 1)","(6, 0)",False,True,True
728,4,0.0,"(6, 0)","(7, 0)",False,True,True
729,3,0.0,"(7, 0)","(7, 1)",False,True,True
730,2,0.0,"(7, 1)","(7, 0)",False,True,False
731,3,0.0,"(7, 0)","(7, 1)",False,True,False
732,3,0.0,"(7, 1)","(7, 2)",False,True,True
733,4,0.0,"(7, 2)","(8, 2)",False,True,True
734,5,0.0,"(8, 2)","(7, 2)",False,True,False
735,3,0.0,"(7, 2)","(7, 3)",False,True,True
736,3,0.0,"(7, 3)","(7, 4)",False,True,True
737,1,0.0,"(7, 4)","(7, 4)",False,True,True
738,3,0.0,"(7, 4)","(7, 5)",False,True,True
739,3,0.0,"(7, 5)","(7, 6)",False,True,True
740,5,0.0,"(7, 6)","(6, 6)",False,True,True
741,2,0.0,"(6, 6)","(6, 5)",False,True,True
742,2,0.0,"(6, 5)","(6, 4)",False,True,True
743,5,0.0,"(6, 4)","(5, 4)",False,True,True
744,2,0.0,"(5, 4)","(5, 3)",False,True,True
745,2,0.0,"(5, 3)","(5, 2)",False,True,True
746,4,0.0,"(5, 2)","(6, 2)",False,True,True
747,2,0.0,"(6, 2)","(6, 1)",False,True,True
748,4,0.0,"(6, 1)","(7, 1)",False,True,True
749,2,0.0,"(7, 1)","(7, 0)",False,True,True
750,2,0.0,"(7, 0)","(7, 0)",False,True,True
751,3,0.0,"(7, 0)","(7, 1)",False,True,True
752,5,0.0,"(7, 1)","(6, 1)",False,True,True
753,2,0.0,"(6, 1)","(6, 0)",False,True,True
754,3,0.0,"(6, 0)","(6, 1)",False,True,False
755,5,0.0,"(6, 1)","(5, 1)",False,True,True
756,2,0.0,"(5, 1)","(5, 0)",False,True,True
757,3,0.0,"(5, 0)","(5, 1)",False,True,False
758,3,0.0,"(5, 1)","(5, 2)",False,True,True
759,2,0.0,"(5, 2)","(5, 1)",False,True,False
760,2,0.0,"(5, 1)","(5, 0)",False,True,True
761,3,0.0,"(5, 0)","(5, 1)",False,True,False
762,2,0.0,"(5, 1)","(5, 0)",False,True,False
763,3,0.0,"(5, 0)","(5, 1)",False,True,False
764,1,0.0,"(5, 1)","(5, 1)",False,True,True
765,3,0.0,"(5, 1)","(5, 2)",False,True,True
766,2,0.0,"(5, 2)","(5, 1)",False,True,False
767,1,0.0,"(5, 1)","(5, 1)",False,True,True
768,2,0.0,"(5, 1)","(5, 0)",False,True,True
769,3,0.0,"(5, 0)","(5, 1)",False,True,False
770,3,0.0,"(5, 1)","(5, 2)",False,False,True
771,2,0.0,"(5, 2)","(5, 1)",False,True,False
772,4,0.0,"(5, 1)","(6, 1)",False,True,True
773,4,0.0,"(6, 1)","(7, 1)",False,True,True
774,5,0.0,"(7, 1)","(6, 1)",False,True,False
775,4,0.0,"(6, 1)","(7, 1)",False,True,False
776,3,0.0,"(7, 1)","(7, 2)",False,True,True
777,0,-2.0,"(7, 2)","(7, 2)",True,True,False
778,5,0.0,"(7, 2)","(6, 2)",False,True,True
779,5,0.0,"(6, 2)","(5, 2)",False,True,True
780,2,0.0,"(5, 2)","(5, 1)",False,True,True
781,2,-2.0,"(5, 1)","(5, 0)",True,True,True
782,3,0.0,"(5, 0)","(5, 1)",False,True,False
783,5,0.0,"(5, 1)","(4, 1)",False,True,True
784,4,0.0,"(4, 1)","(5, 1)",False,True,False
785,5,0.0,"(5, 1)","(4, 1)",False,True,False
786,5,0.0,"(4, 1)",,False,True,True
787,1,0.0,,,False,True,True
788,1,0.0,,,False,True,True
789,2,0.0,,"(3, 0)",False,True,True
790,3,0.0,"(3, 0)",,False,True,False
791,3,0.0,,,False,True,True
792,2,0.0,,,False,True,True
793,5,0.0,,"(2, 1)",False,True,True
794,3,0.0,"(2, 1)","(2, 2)",False,False,True
795,4,0.0,"(2, 2)","(3, 2)",False,True,True
796,2,0.0,"(3, 2)",,False,True,True
797,5,0.0,,"(2, 1)",False,True,True
798,5,0.0,"(2, 1)","(1, 1)",False,True,True
799,3,0.0,"(1, 1)","(1, 2)",False,True,True
800,1,0.0,"(1, 2)","(1, 2)",False,True,True
801,1,0.0,"(1, 2)","(1, 2)",False,True,True
802,3,0.0,"(1, 2)","(1, 3)",False,True,True
803,1,0.0,"(1, 3)",,False,True,True
804,1,0.0,,,False,True,True
805,0,0.0,,,False,True,False
806,1,0.0,,,False,True,True
807,2,0.0,,"(1, 2)",False,True,True
808,3,0.0,"(1, 2)",,False,True,False
809,5,0.0,,,False,True,True
810,2,0.0,,"(1, 2)",False,True,True
811,2,0.0,"(1, 2)","(1, 1)",False,True,True
812,1,0.0,"(1, 1)","(1, 1)",False,True,True
813,3,0.0,"(1, 1)",,False,True,True
814,3,0.0,,,False,True,True
815,2,0.0,,,False,True,True
816,2,0.0,,,False,True,True
817,2,0.0,,"(1, 0)",False,True,True
818,3,0.0,"(1, 0)",,False,True,False
819,1,0.0,,,False,True,True
820,2,0.0,,"(1, 0)",False,True,True
821,4,0.0,"(1, 0)","(2, 0)",False,True,True
822,3,0.0,"(2, 0)","(2, 1)",False,True,True
823,5,0.0,"(2, 1)",,False,True,True
824,4,0.0,,"(2, 1)",False,True,False
825,2,0.0,"(2, 1)","(2, 0)",False,True,True
826,4,0.0,"(2, 0)","(3, 0)",False,True,True
827,3,0.0,"(3, 0)","(3, 1)",False,True,True
828,3,0.0,"(3, 1)","(3, 2)",False,True,True
829,2,0.0,"(3, 2)","(3, 1)",False,True,False
830,2,0.0,"(3, 1)","(3, 0)",False,True,True
831,3,0.0,"(3, 0)","(3, 1)",False,True,False
832,4,0.0,"(3, 1)","(4, 1)",False,True,True
833,5,0.0,"(4, 1)","(3, 1)",False,True,False
834,5,0.0,"(3, 1)","(2, 1)",False,True,True
835,2,0.0,"(2, 1)","(2, 0)",False,True,True
836,3,0.0,"(2, 0)","(2, 1)",False,True,False
837,4,0.0,"(2, 1)","(3, 1)",False,True,True
838,2,0.0,"(3, 1)","(3, 0)",False,True,True
839,3,0.0,"(3, 0)","(3, 1)",False,True,False
840,5,0.0,"(3, 1)","(2, 1)",False,True,True
841,2,0.0,"(2, 1)","(2, 0)",False,True,True
842,5,0.0,"(2, 0)","(1, 0)",False,True,True
843,1,0.0,"(1, 0)","(1, 0)",False,True,True
844,1,0.0,"(1, 0)","(1, 0)",False,True,True
845,3,0.0,"(1, 0)","(1, 1)",False,True,True
846,1,0.0,"(1, 1)","(1, 1)",False,True,True
847,1,0.0,"(1, 1)","(1, 1)",False,True,True
848,3,0.0,"(1, 1)","(1, 2)",False,True,True
849,3,0.0,"(1, 2)","(1, 3)",False,True,True
850,1,0.0,"(1, 3)","(1, 3)",False,True,True
851,1,0.0,"(1, 3)","(1, 3)",False,True,True
852,1,0.0,"(1, 3)","(1, 3)",False,True,True
853,1,0.0,"(1, 3)",,False,True,True
854,5,0.0,,,False,True,True
855,1,0.0,,,False,True,True
856,4,0.0,,"(2, 3)",False,True,True
857,2,0.0,"(2, 3)","(2, 2)",False,True,True
858,5,0.0,"(2, 2)","(1, 2)",False,False,True
859,1,0.0,"(1, 2)","(1, 2)",False,True,True
860,1,0.0,"(1, 2)","(1, 2)",False,False,False
861,3,0.0,"(1, 2)",,False,True,True
862,4,0.0,,"(2, 3)",False,True,True
863,2,0.0,"(2, 3)","(2, 2)",False,True,True
864,1,0.0,"(2, 2)","(2, 2)",False,True,True
865,2,0.0,"(2, 2)","(2, 1)",False,True,True
866,5,0.0,"(2, 1)",,False,True,True
867,2,0.0,,"(1, 0)",False,True,True
868,3,0.0,"(1, 0)",,False,True,False
869,1,2.0,,"(1, 1)",True,True,True
870,2,0.0,"(1, 1)","(1, 0)",False,True,True
871,3,0.0,"(1, 0)","(1, 1)",False,True,False
872,1,0.0,"(1, 1)","(1, 1)",False,True,True
873,3,2.0,"(1, 1)","(1, 2)",True,True,True
874,1,0.0,"(1, 2)","(1, 2)",False,True,True
875,2,0.0,"(1, 2)","(1, 1)",False,True,True
876,1,0.0,"(1, 1)","(1, 1)",False,True,True
877,3,0.0,"(1, 1)","(1, 2)",False,True,True
878,1,0.0,"(1, 2)","(1, 2)",False,True,True
879,2,0.0,"(1, 2)","(1, 1)",False,True,True
880,2,0.0,"(1, 1)","(1, 0)",False,True,True
881,3,0.0,"(1, 0)","(1, 1)",False,True,False
882,1,0.0,"(1, 1)","(1, 1)",False,True,True
883,5,0.0,"(1, 1)","(1, 1)",False,True,True
884,2,0.0,"(1, 1)","(1, 0)",False,True,True
885,3,0.0,"(1, 0)","(1, 1)",False,True,False
886,4,0.0,"(1, 1)","(2, 1)",False,True,True
887,2,0.0,"(2, 1)","(2, 0)",False,True,True
888,5,0.0,"(2, 0)","(1, 0)",False,True,True
889,3,0.0,"(1, 0)","(1, 1)",False,True,True
890,1,0.0,"(1, 1)","(1, 1)",False,True,True
891,3,0.0,"(1, 1)","(1, 2)",False,True,True
892,1,0.0,"(1, 2)","(1, 2)",False,True,True
893,1,0.0,"(1, 2)","(1, 2)",False,True,True
894,1,0.0,"(1, 2)","(1, 2)",False,False,False
895,1,0.0,"(1, 2)","(1, 2)",False,False,False
896,1,0.0,"(1, 2)","(1, 2)",False,False,False
897,1,0.0,"(1, 2)","(1, 2)",False,True,True
898,1,0.0,"(1, 2)","(1, 2)",False,False,False
899,1,0.0,"(1, 2)","(1, 2)",False,False,False
900,1,0.0,"(1, 2)","(1, 2)",False,False,False
901,1,0.0,"(1, 2)",,False,True,True
902,5,0.0,,"(0, 2)",False,True,True
903,4,0.0,"(0, 2)",,False,True,False
904,1,0.0,,,False,True,True
905,1,0.0,,,False,True,True
906,1,0.0,,,False,True,True
907,2,0.0,,,False,True,True
908,3,0.0,,,False,True,True
909,5,0.0,,"(0, 2)",False,True,True
910,2,0.0,"(0, 2)","(0, 2)",False,True,True
911,1,0.0,"(0, 2)","(0, 2)",False,True,True
912,4,0.0,"(0, 2)",,False,True,True
913,1,0.0,,"(1, 2)",False,True,True
914,2,0.0,"(1, 2)",,False,True,False
915,5,0.0,,,False,True,True
916,2,0.0,,,False,True,True
917,4,0.0,,"(2, 0)",False,True,True
918,5,0.0,"(2, 0)",,False,True,False
919,2,0.0,,,False,True,True
920,4,0.0,,"(2, 0)",False,True,True
921,3,0.0,"(2, 0)","(2, 1)",False,True,True
922,3,0.0,"(2, 1)","(2, 2)",False,True,True
923,2,0.0,"(2, 2)","(2, 1)",False,True,False
924,4,0.0,"(2, 1)","(3, 1)",False,True,True
925,1,0.0,"(3, 1)","(3, 1)",False,True,True
926,1,0.0,"(3, 1)","(3, 1)",False,True,True
927,3,0.0,"(3, 1)","(3, 2)",False,True,True
928,1,0.0,"(3, 2)","(3, 2)",False,True,True
929,1,0.0,"(3, 2)","(3, 2)",False,True,True
930,1,0.0,"(3, 2)","(3, 2)",False,True,True
931,1,0.0,"(3, 2)",,False,True,True
932,1,0.0,,,False,True,True
933,2,0.0,,"(3, 1)",False,True,True
934,1,0.0,"(3, 1)","(3, 1)",False,True,True
935,2,0.0,"(3, 1)","(3, 0)",False,True,True
936,3,0.0,"(3, 0)",,False,True,True
937,2,0.0,,"(3, 0)",False,True,False
938,3,0.0,"(3, 0)",,False,True,False
939,1,0.0,,,False,True,True
940,2,0.0,,"(3, 0)",False,True,True
941,5,0.0,"(3, 0)","(2, 0)",False,True,True
942,4,0.0,"(2, 0)","(3, 0)",False,True,False
943,3,0.0,"(3, 0)",,False,True,True
944,1,0.0,,,False,True,True
945,2,0.0,,,False,True,True
946,3,0.0,,,False,True,True
947,1,-1.0,,"(3, 1)",True,True,True
948,3,0.0,"(3, 1)","(3, 2)",False,True,True
949,1,0.0,"(3, 2)","(3, 2)",False,True,True
950,1,0.0,"(3, 2)","(3, 2)",False,True,True
951,1,0.0,"(3, 2)","(3, 2)",False,True,True
952,3,0.0,"(3, 2)","(3, 3)",False,True,True
953,1,0.0,"(3, 3)",,False,True,True
954,2,0.0,,"(3, 2)",False,True,True
955,1,0.0,"(3, 2)","(3, 2)",False,True,True
956,1,0.0,"(3, 2)","(3, 2)",False,True,True
957,1,0.0,"(3, 2)","(3, 2)",False,True,True
958,1,0.0,"(3, 2)","(3, 2)",False,True,True
959,4,0.0,"(3, 2)","(4, 2)",False,True,True
960,3,0.0,"(4, 2)","(4, 3)",False,True,True
961,5,0.0,"(4, 3)",,False,True,True
962,4,0.0,,"(4, 3)",False,True,False
963,2,0.0,"(4, 3)","(4, 2)",False,True,True
964,2,0.0,"(4, 2)","(4, 1)",False,True,True
965,5,-1.0,"(4, 1)",,True,True,True
966,4,0.0,,"(4, 1)",False,True,False
967,3,0.0,"(4, 1)","(4, 2)",False,True,True
968,1,0.0,"(4, 2)","(4, 2)",False,True,True
969,4,0.0,"(4, 2)","(5, 2)",False,True,True
970,4,0.0,"(5, 2)","(6, 2)",False,True,True
971,1,0.0,"(6, 2)","(6, 2)",False,True,True
972,4,0.0,"(6, 2)","(7, 2)",False,True,True
973,2,0.0,"(7, 2)","(7, 1)",False,True,True
974,4,0.0,"(7, 1)","(8, 1)",False,True,True
975,5,0.0,"(8, 1)","(7, 1)",False,True,False
976,5,0.0,"(7, 1)","(6, 1)",False,True,True
977,3,0.0,"(6, 1)","(6, 2)",False,True,True
978,4,0.0,"(6, 2)","(7, 2)",False,True,True
979,2,-1.0,"(7, 2)","(7, 1)",True,True,True
980,1,0.0,"(7, 1)","(7, 1)",False,True,True
981,4,0.0,"(7, 1)","(8, 1)",False,True,True
982,3,0.0,"(8, 1)","(8, 2)",False,True,True
983,5,0.0,"(8, 2)","(7, 2)",False,True,True
984,5,0.0,"(7, 2)","(6, 2)",False,True,True
985,3,0.0,"(6, 2)","(6, 3)",False,True,True
986,2,0.0,"(6, 3)","(6, 2)",False,True,False
987,4,0.0,"(6, 2)","(7, 2)",False,True,True
988,5,0.0,"(7, 2)","(6, 2)",False,True,False
989,4,0.0,"(6, 2)","(7, 2)",False,True,False
990,4,0.0,"(7, 2)","(8, 2)",False,True,True
991,3,0.0,"(8, 2)","(8, 3)",False,True,True
992,5,0.0,"(8, 3)","(7, 3)",False,True,True
993,3,0.0,"(7, 3)","(7, 4)",False,True,True
994,2,0.0,"(7, 4)","(7, 3)",False,True,False
995,2,0.0,"(7, 3)","(7, 2)",False,True,True
996,4,0.0,"(7, 2)","(8, 2)",False,True,True
997,1,0.0,"(8, 2)","(8, 2)",False,True,True
